0 0.199093 0.154612 0.146841 0.046623
1 0.257560 0.231351 0.246976 0.018649
8 0.219086 0.254032 0.170027 0.022177
3 0.214886 0.276336 0.146169 0.022429
5 0.342910 0.306578 0.402218 0.039567
7 0.661794 0.245338 0.225470 0.019405
4 0.711694 0.270917 0.317876 0.027218
1 0.281082 0.621850 0.316868 0.029486
3 0.244120 0.679561 0.225470 0.023942
4 0.310820 0.701613 0.366935 0.030242
8 0.288306 0.768145 0.325269 0.022177
5 0.321909 0.806326 0.396505 0.051159
6 0.254200 0.911794 0.257056 0.028730
0 0.648353 0.719506 0.258401 0.020161
